# Cold v86f, one controller throughout; no restored state and no RAM writes.
# Same ordinary file/menu/Extraction input segments, shifted to one continuous timeline.
950 965 8 0 0
1500 1515 8 0 0
2400 2410 16 0 0
2600 2615 1 0 0
2950 2965 2 0 0
3200 3215 1024 0 0
3500 3610 0 0 -20000
4230 4242 8 0 0 0
4310 4316 0 0 22000 0
4370 4376 0 0 22000 0
4440 4452 1 0 0 0
4680 4692 2 0 0 0
4980 4986 0 0 -22000
5050 5056 0 0 -22000
5140 5152 1 0 0
5280 5286 0 0 -22000
5325 5331 0 0 -22000
5370 5376 0 0 -22000
5415 5421 0 0 -22000
5460 5466 0 0 -22000
5505 5511 0 0 -22000
5550 5556 0 0 -22000
5595 5601 0 0 -22000
5640 5646 0 0 -22000
5685 5691 0 0 -22000
5730 5736 0 0 -22000
5775 5781 0 0 -22000
5820 5826 0 0 -22000
5865 5871 0 0 -22000
5910 5916 0 0 -22000
5955 5961 0 0 -22000
6180 6186 0 0 22000
6225 6231 0 0 22000
6330 6342 1 0 0
6460 6472 1 0 0
6600 6612 1 0 0
7350 7362 8 0 0
7530 7542 8 0 0
7830 7842 8 0 0
